100
760
690
239
612
969
441
689
412
954
162
923
692
477
648
330
183
193
366
903
221
246
609
915
594
263
276
319
680
839
225
447
927
492
354
679
637
8
979
656
832
166
781
247
724
547
256
305
868
968
271
511
736
544
640
191
681
220
659
757
374
394
388
976
295
282
388
302
366
518
591
198
528
740
416
24
154
814
511
174
158
81
497
11
996
434
725
69
281
52
990
110
854
990
255
210
375
672
385
584
115
581
957
795
260
472
760
394
297
314
597
955
818
131
148
490
568
680
539
586
530
180
409
652
873
441
359
626
640
975
48
491
661
402
673
79
55
151
749
307
734
538
542
60
10
893
892
689
750
746
910
732
580
417
503
920
805
646
993
454
817
98
736
93
344
199
184
271
26
823
492
218
769
292
308
627
77
653
66
221
65
897
85
238
366
87
18
642
169
570
183
649
199
402
373
273
437
746
937
913
407
250
915
780
137
373
8
389
967
24
932
787
788
633
983
999
640
763
80
874
864
667
518
772
939
255
649
899
557
438
816
540
162
964
136
195
136
932
412
619
385
61
680
564
799
353
359
422
929
356
815
831
689
5
49
251
884
821
177
290
23
833
641
578
688
679
464
934
760
497
674
9
777
558
128
482
697
673
424
407
491
667
268
120
279
48
161
994
712
548
693
332
341
894
869
642
22
173
348
14
159
10
50
645
830
328
337
670
821
170
886
45
164
911
303
463
806
986
382
902
555
137
528
689
174
566
413
936
835
621
930
423
363
722
971
993
562
556
40
417
673
767
265
720
9
531
80
900
964
856
794
584
72
283
880
92
235
327
284
38
300
824
935
484
819
186
241
525
693
138
973
826
272
720
16
610
564
526
917
202
159
321
809
848
913
224
903
604
545
237
500
503
803
863
251
463
392
676
791
563
270
88
397
846
211
413
618
213
723
991
782
592
302
239
365
64
284
121
122
685
376
814
107
562
814
725
26
374
661
318
405
887
784
889
593
577
606
613
868
854
843
133
682
994
194
932
522
482
715
881
34
16
647
620
874
432
964
749
911
997
44
966
321
824
739
924
177
469
751
563
797
13
160
941
24
567
250
429
53
741
2
406
669
298
941
911
64
211
856
990
167
487
932
130
812
829
508
893
864
982
975
260
727
139
995
961
780
746
588
489
689
49
105
309
215
11
182
75
616
913
671
868
560
200
493
771
619
692
987
34
487
71
735
167
101
642
388
570
778
782
378
385
616
118
691
49
283
135
52
467
368
566
607
843
664
355
553
193
347
697
228
397
809
928
248
92
99
536
842
87
642
359
253
553
637
749
680
642
395
757
144
328
379
923
82
573
154
465
643
241
452
510
316
853
168
46
745
234
784
974
589
321
59
32
591
69
279
652
601
155
505
556
6
742
850
334
946
268
402
270
693
703
261
760
257
370
13
647
639
277
967
118
176
153
422
750
32
273
786
950
768
71
759
822
974
34
406
137
829
230
167
447
595
222
695
286
794
954
943
662
258
88
730
828
920
416
128
551
683
188
718
472
413
546
471
155
616
966
421
319
246
695
510
926
668
710
485
856
573
894
833
154
838
427
37
594
460
612
971
521
351
680
20
142
434
607
627
321
280
357
760
861
353
530
659
810
55
601
262
970
866
549
317
80
46
448
158
267
680
130
774
76
491
808
134
310
817
407
179
232
691
769
162
520
75
50
695
748
303
285
15
914
530
42
66
933
274
628
121
564
45
768
478
155
884
740
30
590
546
205
351
51
135
823
20
7
213
389
814
544
442
753
429
96
999
319
592
563
98
849
276
682
89
528
555
217
677
572
830
242
881
921
93
864
983
473
241
526
217
720
141
327
92
286
968
272
665
518
357
290
698
273
308
56
275
494
185
257
801
707
56
315
602
712
816
251
521
64
756
426
815
913
34
982
841
559
87
63
236
585
498
870
693
802
422
216
220
249
533
887
53
252
958
94
326
329
54
684
621
410
318
861
733
189
668
727
206
886
18
858
58
987
502
964
366
927
79
374
726
649
436
766
343
180
143
185
103
840
923
621
545
393
504
908
534
448
356
127
237
302
891
543
751
253
571
765
147
112
799
366
879
487
637
274
728
695
583
331
63
206
521
185
368
146
702
579
802
960
498
724
488
141
44
82
855
50
858
182
876
573
4
379
187
266
191
755
261
102
894
702
26
800
339
149
454
166
83
423
736
130
308
431
990
865
695
792
850
567
739
601
254
321
648
79
653
328
521
297
947
416
97
564
271
622
414
758
987
476
551
353
471
544
645
636
233
23
412
536
819
159
854
179
56
534
654
436
351
601
25
458
319
299
363
728
835
587
561
113
981
603
501
674
818
259
378
263
778
861
367
176
893
78
183
534
691
851
787
732
302
51
568
334
370
777
888
606
379
133
710
296
309
924
202
611
894
35
186
24
123
545
32
136
113
282
22
984
207
652
971
66
598
455
411
446
454
296
282
814
184
780
875
428
13
81
668
299
358
49
209
905
755
859
333
750
263
265
877
309
397
488
176
716
672
688
748
14
75
555
635
779
436
923
165
362
847
76
408
408
806
948
739
879
160
324
100
527
729
138
610
609
963
657
357
34
945
926
396
499
767
550
490
723
944
412
782
152
951
410
386
275
363
61
187
88
426
499
312
738
225
611
81
246
928
760
891
345
840
443
841
325
493
952
834
193
55
244
897
141
382
759
426
279
105
956
415
893
890
427
846
863
910
570
918
260
11
36
468
5
541
60
995
333
187
28
355
186
77
238
587
546
44
645
923
230
912
518
442
688
280
599
851
387
418
455
164
630
231
31
293
586
776
217
94
852
614
318
517
106
968
356
508
802
812
420
62
664
186
990
820
983
794
990
648
62
610
712
430
963
985
984
418
106
606
616
901
227
183
970
347
724
509
715
561
707
472
383
874
950
481
853
205
104
789
673
193
551
293
600
83
368
554
990
286
48
366
930
358
372
885
956
563
6
865
436
901
861
709
2
508
971
266
357
671
857
654
940
474
735
68
200
644
193
187
164
872
562
154
498
445
114
810
878
962
308
545
457
454
472
362
852
442
688
402
194
734
163
561
950
48
372
69
688
418
27
242
486
660
842
159
588
64
792
126
138
934
969
619
436
815
119
909
973
47
421
673
701
153
909
374
449
684
204
496
274
665
934
321
322
278
43
94
631
726
892
90
483
608
433
611
660
90
509
170
110
275
812
691
992
395
250
33
487
160
25
106
327
10
757
413
547
950
659
35
215
412
727
857
852
618
31
265
598
203
153
617
361
923
533
622
811
373
839
556
498
806
39
259
456
644
49
792
82
930
772
814
98
383
190
304
6
229
607
474
352
643
900
462
159
896
421
178
813
776
199
569
789
681
721
598
954
978
794
480
680
703
237
914
929
686
629
403
794
923
660
878
860
148
198
691
609
190
334
32
30
672
30
543
640
608
99
378
995
254
740
515
461
727
947
308
582
169
573
59
611
519
92
495
212
836
169
544
741
703
611
934
197
969
484
610
185
502
992
321
37
81
223
500
593
840
455
540
190
791
564
197
341
369
372
317
325
835
333
71
662
968
573
460
454
239
507
56
879
498
732
64
183
203
889
691
984
387
636
578
368
904
110
847
768
402
684
552
879
684
124
2
417
175
284
503
647
692
751
764
461
381
776
3
771
290
165
640
166
512
22
240
156
219
367
882
306
420
793
995
730
618
950
856
897
857
196
652
749
522
921
27
949
685
389
594
994
833
877
373
598
135
272
626
268
377
671
897
769
946
128
276
739
698
869
279
264
852
580
381
471
83
878
69
747
760
912
220
353
491
220
727
163
749
748
908
346
798
126
335
403
439
642
966
892
403
743
439
502
346
450
912
817
265
33
597
571
790
589
793
831
120
397
828
381
884
820
853
751
164
951
749
269
6
600
788
932
857
470
443
749
583
882
444
799
30
661
410
355
676
988
445
158
16
60
683
204
627
288
525
213
659
134
469
657
579
134
286
829
383
641
725
930
589
511
861
226
924
269
790
624
245
707
482
156
396
391
858
296
773
157
797
751
905
242
961
908
452
552
105
993
495
171
132
605
234
183
808
182
332
261
740
476
647
387
367
471
642
735
121
362
910
656
6
628
413
809
273
46
290
562
939
690
604
302
954
39
117
22
32
215
73
462
65
916
407
762
652
444
949
871
595
763
812
786
697
970
170
858
6
877
177
104
957
534
925
345
963
233
240
51
384
464
377
630
683
94
71
608
659
568
34
847
356
462
581
752
756
970
952
988
600
899
128
668
477
706
992
411
575
740
650
130
111
30
592
15
340
359
721
559
917
842
823
660
874
190
403
942
124
767
641
946
841
248
504
162
821
11
93
203
811
448
831
547
469
94
216
388
175
439
210
644
327
249
175
917
641
976
76
637
65
295
594
132
270
669
262
725
765
701
270
163
21
334
811
795
860
927
256
51
556
537
626
78
592
580
135
344
934
768
200
374
32
77
696
167
484
672
470
357
574
602
557
621
388
518
759
493
431
773
606
257
186
843
183
287
231
302
870
329
891
713
125
154
903
373
471
358
17
86
244
748
18
170
932
472
306
188
475
89
550
9
260
917
687
597
271
493
584
494
539
433
262
975
762
942
986
584
190
459
182
637
502
879
959
105
512
337
398
314
592
361
906
540
479
901
579
890
609
166
743
363
599
649
782
196
144
684
583
392
889
295
698
428
364
13
661
846
602
717
649
353
783
863
439
764
227
219
867
550
668
419
604
334
40
673
46
456
674
60
372
352
224
821
22
765
913
941
226
534
862
107
378
434
539
727
163
198
822
805
729
648
444
196
733
526
859
444
893
183
356
991
961
872
676
23
202
282
583
207
865
942
745
720
813
791
389
636
528
717
590
65
989
369
860
259
729
622
477
362
421
117
532
335
566
915
409
89
10
516
982
234
576
716
184
463
55
337
383
474
767
417
813
510
645
116
114
944
733
363
35
896
373
588
618
372
382
25
365
270
133
958
629
279
208
780
688
208
745
443
824
870
870
647
664
615
65
729
745
174
479
460
804
707
535
572
366
998
779
706
237
200
754
73
790
940
460
112
745
259
429
908
720
879
382
431
187
486
555
717
664
241
614
752
547
202
925
852
952
364
25
22
552
320
127
310
882
862
141
844
775
258
648
933
953
445
201
796
549
989
998
615
281
705
915
514
59
267
518
741
430
83
878
842
599
332
801
956
19
833
286
49
180
860
85
433
237
764
576
560
406
499
49
129
630
989
860
530
50
522
805
468
469
78
927
139
860
563
498
21
822
36
844
606
69
269
812
730
968
165
547
415
792
91
828
726
955
728
241
685
883
601
408
823
21
54
633
408
354
969
968
978
314
707
807
758
119
282
882
121
934
282
372
703
580
42
614
255
442
703
173
231
936
12
470
865
461
355
411
282
224
817
502
44
257
877
959
204
209
875
254
738
636
531
554
423
743
505
841
408
837
336
414
743
981
123
101
250
885
548
439
957
287
83
529
347
802
558
991
249
533
493
893
607
982
914
509
197
426
295
984
132
427
865
856
632
238
742
353
195
542
243
912
244
726
114
316
626
583
758
660
626
398
858
89
100
955
464
607
664
880
874
451
722
941
757
568
945
499
581
245
686
686
658
947
27
859
853
583
750
888
630
992
187
371
207
226
414
206
455
15
772
599
925
437
289
340
685
221
983
697
898
221
934
48
632
42
667
331
803
4
23
112
670
937
944
237
264
766
239
146
514
570
310
719
199
791
466
705
909
694
42
682
552
24
474
669
949
22
475
261
181
452
996
474
294
701
132
269
437
865
423
723
612
134
783
525
34
911
432
762
375
688
566
113
304
472
922
623
676
298
321
824
282
19
198
459
607
285
569
913
129
513
251
652
598
703
756
927
229
458
969
96
109
172
694
827
223
957
720
403
713
676
734
201
926
260
531
13
59
154
569
565
642
956
962
164
399
109
620
776
262
675
987
157
876
884
45
556
767
445
849
111
927
280
631
667
713
625
249
490
340
788
628
284
513
929
212
596
437
745
962
912
637
923
859
896
291
224
915
215
615
900
52
126
25
285
26
25
527
220
509
597
670
540
81
161
121
912
286
521
721
273
966
209
59
206
741
609
916
681
146
763
138
290
13
535
498
493
698
74
328
481
778
644
31
127
73
343
768
653
756
703
593
633
458
794
517
612
667
611
853
83
966
350
650
952
19
833
189
120
321
821
353
256
531
73
569
991
385
682
484
357
195
842
736
952
546
676
319
880
946
185
607
966
597
271
435
46
954
967
264
161
784
108
159
684
85
713
179
685
366
900
461
783
517
203
380
257
385
585
358
874
740
461
869
996
985
80
169
741
905
876
8
462
492
683
396
73
202
775
192
951
580
302
212
40
721
636
482
322
264
953
329
109
213
337
147
622
630
744
681
549
790
145
330
417
348
683
31
308
763
509
262
982
83
596
949
772
515
709
940
561
889
28
356
825
816
684
215
415
627
565
104
535
516
259
827
348
332
376
226
389
275
302
132
622
68
567
460
159
432
960
992
619
453
605
960
445
732
416
588
409
205
714
823
348
463
656
508
183
329
606
409
43
982
704
657
579
59
955
294
38
333
228
556
697
352
968
686
985
269
615
199
896
733
225
65
286
898
152
980
459
28
607
301
174
776
867
102
72
114
580
245
877
718
164
105
144
504
816
627
504
283
528
381
697
639
330
341
899
531
33
702
722
381
870
656
403
982
883
195
192
778
968
337
516
212
872
989
370
537
522
840
229
339
606
738
946
876
642
401
499
343
472
173