585
382
4
456
158
668
82
142
641
353
462
686
459
880
862
197
526
401
377
187
685
359
586
634
107
544
631
922
226
977
522
120
177
454
311
601
368
537
557
171
594
73
190
341
123
319
628
913
242
408
948
461
953
614
58
257
348
900
211
672
743
726
522
308
729
948
489
802
161
415
17
876
132
198
292
376
501
953
1
526
689
851
191
508
574
262
254
176
317
624
911
964
66
338
457
193
658
486
797
332
976
883
231
177
425
599
920
808
248
33
544
172
33
430
783
593
519
354
530
930
415
343
396
779
432
785
723
566
524
824
293
944
349
94
28
825
663
837
778
650
210
442
758
193
112
640
354
321
352
876
118
392
718
484
386
364
761
664
295
27
885
150
504
478
406
523
857
960
769
828
625
762
143
708
229
908
183
401
210
308
815
216
515
447
43
126
404
943
598
738
472
197
642
783
344
912
679
321
874
822
618
465
166
925
466
737
798
728
748
744
547
163
189
278
54
169
493
248
791
206
413
156
588
428
715
429
843
290
876
64
886
525
336
712
382
500
415
181
149
804
559
400
526
867
59
836
938
581
103
526
911
848
175
258
311
961
153
188
726
760
644
535
966
115
520
268
586
365
544
130
507
681
365
685
195
763
735
313
122
744
876
836
782
604
673
16
868
673
560
735
553
910
940
509
17
817
39
166
281
126
103
803
624
606
276
702
970
744
686
318
669
738
234
243
431
297
33
158
923
843
585
223
328
306
160
480
802
840
521
259
663
12
493
883
859
629
375
219
489
886
9
274
138
113
559
676
435
287
139
765
713
622
598
375
648
738
362
550
796
284
159
113
395
215
143
650
488
618
300
586
502
198
477
890
990
688
854
321
753
846
815
771
350
192
511
75
659
191
523
434
202
470
116
938
7
195
88
28
286
638
757
114
762
800
15
956
286
356
70
137
484
82
490
59
869
995
245
579
528
345
674
5
273
420
11
393
700
909
606
765
775
333
711
943
125
791
730
823
421
412
370
15
982
564
377
373
267
202
248
971
264
868
321
473
67
224
583
320
343
14
187
587
1
105
761
214
667
34
112
109
921
570
512
688
316
780
990
851
441
585
187
587
267
795
516
141
813
985
846
851
242
938
851
971
504
958
596
876
864
734
174
311
679
305
232
995
144
809
184
724
403
82
828
112
93
477
134
226
396
722
543
372
219
628
500
13
837
339
604
742
649
605
155
313
557
247
113
142
870
627
384
74
951
824
768
347
211
45
451
251
881
539
273
213
282
830
194
105
465
619
152
803
402
692
617
707
631
482
81
991
880
971
868
776
294
814
401
394
43
722
491
88
777
9
744
383
580
587
278
666
652
594
384
851
893
184
314
867
802
409
457
30
522
842
96
158
803
58
963
788
446
172
583
783
577
264
837
517
888
112
703
973
834
476
746
635
413
359
648
377
379
610
300
605
474
1000
644
50
622
556
471
53
513
715
755
656
252
106
880
344
801
82
42
970
126
895
191
747
63
584
667
755
345
666
885
970
796
939
729
712
405
412
440
887
639
384
561
38
983
321
764
310
695
424
465
264
432
572
657
190
575
94
146
154
961
214
609
118
934
346
140
429
483
643
671
815
869
831
321
443
363
474
586
509
273
232
404
391
374
860
295
732
985
25
763
105
720
823
959
775
601
337
281
41
572
954
251
754
890
594
767
483
862
878
208
209
373
882
306
698
306
438
810
789
517
13
236
52
268
515
616
703
672
983
621
375
530
613
58
403
598
960
533
511
650
343
75
200
711
2
893
354
336
414
740
392
159
276
447
277
818
788
504
673
663
849
53
939
965
23
353
450
357
130
709
900
290
505
690
781
691
573
2
711
887
641
415
471
634
105
614
286
949
836
144
959
839
831
509
162
885
731
820
131
672
405
869
223
992
678
552
959
1000
173
745
515
838
158
593
496
328
505
715
256
874
428
533
607
641
934
990
319
787
320
434
150
147
434
998
163
318
555
612
583
813
335
181
127
793
259
427
668
50
739
30
850
914
868
710
488
485
447
696
916
487
405
503
86
668
273
770
469
437
796
656
827
821
662
863
378
42
395
612
937
38
773
69
21
818
958
435
276
63
962
665
39
923
970
57
834
841
811
258
317
351
611
40
778
27
370
671
697
903
35
114
248
160
833
742
149
93
597
251
777
460
582
116
524
668
584
203
56
592
846
983
344
655
53
978
465
794
870
295
773
743
339
21
89
3
870
157
56
704
571
541
440
666
857
295
794
941
249
387
256
27
267
799
985
699
180
272
657
19
39
176
244
241
236
445
210
204
991
817
308
839
215
318
103
847
658
431
719
699
304
942
658
655
166
355
93
667
602
863
21
674
315
936
291
240
532
369
940
459
853
856
568
505
173
896
959
316
340
704
422
660
530
765
716
264
744
113
505
292
237
6
345
520
505
53
14
768
573
175
630
256
123
676
305
950
962
816
274
987
586
187
105
536
983
415
417
863
366
269
170
250
758
173
254
431
628
884
692
499
889
510
807
992
213
641
640
528
543
166
358
464
460
988
457
577
778
758
66
826
505
411
689
517
449
999
288
611
869
393
230
994
616
769
393
809
307
266
746
190
983
735
789
257
929
125
386
768
327
716
511
96
92
527
313
304
392
894
411
911
413
771
155
755
307
607
805
303
215
625
621
697
536
760
497
50
28
263
944
125
958
141
615
636
976
291
317
337
543
496
19
995
762
470
635
622
157
805
112
795
302
173
863
844
924
947
857
561
869
836
358
879
910
723
149
560
984
113
716
236
674
615
522
9
18
519
656
152
716
985
80
22
162
13
4
211
246
574
292
52
829
564
693
51
154
188
147
612
213
612
223
622
613
295
128
342
69
592
899
171
155
56
663
612
858
24
222
244
842
474
278
881
710
62
701
644
443
452
85
882
265
551
208
139
886
142
851
886
13
573
941
124
681
299
536
265
583
577
108
712
197
127
738
688
748
834
418
953
641
569
467
541
172
598
874
240
765
586
319
520
961
953
93
852
100
606
651
642
412
101
334
261
740
241
840
943
611
982
815
610
490
790
8
100
598
821
900
295
592
852
68
827
608
556
436
410
157
673
802
69
703
235
719
464
116
978
759
509
696
897
546
947
503
725
225
57
594
832
628
92
661
164
580
709
23
487
105
127
4
478
329
585
695
867
528
633
503
303
837
486
621
171
364
922
261
74
31
304
557
828
601
118
460
836
481
760
896
824
476
200
598
282
556
147
967
78
897
977
889
928
323
727
165
73
10
423
248
329
495
367
224
722
826
377
251
699
468
878
126
24
294
19
962
951
307
96
864
748
781
728
682
825
534
395
58
849
801
534
28
736
963
84
773
585
945
476
700
987
657
554
532
13
243
528
565
574
27
655
390
577
166
12
978
569
820
848
788
862
28
150
268
161
268
814
731
363
205
414
510
601
45
245
468
461
744
114
529
259
342
589
167
798
793
640
172
197
141
319
128
441
640
412
86
22
869
731
586
848
383
675
790
243
105
512
90
64
578
16
598
787
401
748
480
288
350
125
869
803
281
116
788
2
153
414
566
118
754
640
298
1000
623
501
202
289
73
386
473
817
650
788
668
579
103
39
857
304
883
627
817
694
802
907
992
384
423
706
649
15
804
504
462
122
114
426
664
285
619
178
372
516
73
570
144
744
369
653
771
115
140
636
933
262
30
702
887
296
114
502
757
511
617
761
665
553
190
560
386
124
365
922
958
258
748
376
43
998
919
406
408
321
99
472
742
860
450
629
679
69
662
639
200
643
258
567
476
469
534
614
24
202
641
125
200
104
139
692
518
546
591
502
14
219
979
858
196
851
211
891
147
932
781
938
811
949
32
626
318
201
315
808
83
552
587
837
504
734
709
145
121
270
900
65
351
369
516
985
323
849
452
299
395
861
142
363
249
24
476
620
946
371
305
460
613
399
620
135
691
814
476
114
491
415
394
951
618
38
125
74
725
796
168
764
555
194
762
201
11
230
624
794
723
274
280
675
357
689
171
510
948
91
293
206
582
608
772
454
954
554
986
492
571
622
869
780
94
879
18
371
372
945
626
299
731
918
24
868
173
943
101
373
606
787
490
635
785
970
231
692
800
236
34
867
691
82
860
204
745
378
123
36
826
518
536
608
541
138
803
549
637
760
176
677
65
721
483
520
516
718
926
834
873
343
491
559
868
941
76
189
724
98
872
729
205
494
78
154
405
92
437
564
47
974
952
206
816
752
634
147
415
649
245
301
680
517
427
8
345
136
460
996
105
331
815
836
366
367
464
957
499
967
866
610
265
216
697
455
854
503
369
968
806
285
971
459
931
776
287
69
418
935
423
507
79
214
4
1
326
766
91
377
451
870
502
839
288
234
34
396
373
122
478
541
659
463
438
430
693
12
440
519
775
625
840
209
453
480
81
806
729
973
507
76
472
227
582
270
996
811
779
823
688
596
293
623
37
260
452
855
283
930
661
77
402
451
880
104
591
826
912
607
976
670
575
994
853
215
980
315
542
386
592
500
878
948
475
937
809
844
17
896
274
118
243
814
383
741
514
233
754
671
663
974
114
946
827
581
778
867
147
824
509
741
367
287
914
545
247
55
147
204
322
170
649
393
540
160
283
632
86
418
133
810
94
318
331
723
972
931
445
2
782
202
881
200
316
452
921
243
380
684
125
915
293
32
106
996
890
989
98
89
630
675
785
54
666
282
178
333
928
986
895
945
4
831
775
339
796
735
281
117
30
545
817
894
610
408
958
282
826
651
478
539
833
992
276
341
391
311
854
136
458
970
700
899
625
961
413
672
37
934
846
104
133
658
47
639
531
767
206
916
441
117
537
49
7
848
635
839
171
457
998
465
986
716
534
302
101
38
479
711
518
796
791
265
169
276
88
527
653
673
233
957
527
496
268
981
319
740
320
53
30
70
964
968
400
372
493
819
333
173
198
296
714
671
196
81
577
896
609
720
630
192
612
985
633
209
822
378
64
818
896
232
134
186
666
400
768
253
272
718
568
771
615
77
898
291
642
81
695
696
318
641
695
166
139
42
167
337
69
62
43
995
661
750
986
308
126
733
128
403
393
697
47
904
184
484
652
18
343
281
321
966
936
738
470
298
760
111
667
222
698
420
776
689
192
372
51
822
577
738
350
681
174
480
555
488
510
697
88
421
812
131
537
856
247
450
453
386
616
38
71
271
412
327
502
201
252
55
941
607
501
332
904
43
43
263
267
221
162
539
208
439
334
557
467
421
638
487
594
588
881
801
400
22
748
313
286
552
766
842
250
981
671
329
989
566
640
203
876
210
48
658
429
616
688
345
959
444
832
307
171
539
912
290
745
272
963
845
849
600
931
64
428
638
855
865
203
223
156
517
371
597
595
321
784
405
446
986
462
966
331
150
642
690
537
86
287
653
84
262
874
180
87
236
746
12
44
862
126
324
192
116
941
647
221
963
623
303
714
81
866
795
191
612
960
551
42
964
922
540
298
175
194
99
551
464
862
829
890
200
381
5
314
912
256
548
268
289
426
516
48
180
592
169
537
200
324
915
921
580
201
951
394
350
40
565
896
933
583
632
20
791
216
992
24
481
25
271
669
600
671
639
416
399
511
406
396
376
422
680
288
669
798
362
50
320
458
432
383
861
523
835
478
176
215
429
771
70
787
545
305
261
502
967
629
59
515
801
372
903
238
197
462
349
90
924
28
48
337
879
662
533
521
622
545
4
870
928
82
894
671
804
456
894
449
174
980
402
618
559
993
595
907
862
442
283
382
646
268
492
685
134
779
827
678
124
110
261
905
289
988
626
166
382
598
259
438
441
691
946
204
358
251
259
83
88
768
743
540
244
790
559
881
373
330
376
589
283
812
166
78
167
634
115
678
457
829
156
513
281
721
464
110
617
122
719
64
436
212
879
122
13
988
902
467
144
399
607
682
995
896
994
959
655
233
878
212
819
478
964
554
594
558
798
826
570
133
878
853
766
952
437
774
347
725
297
555
672
562
748
488
352
887
523
636
150
432
763
709
971
367
822
732
994
893
221
235
228
603
400
610
801
305
371
683
937
786
553
831
323
918
597
115
941
791
535
34
824
52
458
962
374
712
134
11
778
726
447
44
229
49
591
758
92
6
739
863
278
112
756
341
714
170
280
98
84
856
23
101
820
206
162
714
729
973
847
881
259
308
685
852
738
718
44
346
455
368
385
694
544
137
176
834
579
115
413
565
969
286
562
742
67
203
811
681
548
961
323
946
223
148
745
132
604
398
687
249
7
952
1
142
852
25
971
938
610
982
144
519
589
784
548
738
36
502
629
745
197
465
161
797
167
310
881
770
40
948
379
648
196
422
911
610
175
339
782
667
295
324
973
348
121
342
13
423
452
953
868
298
48
500
162
761
120
275
421
14
281
590
393
327
655
637
743
175
173
421
815
274
627
35
399
636
529
414
155
431
543
847
372
702
524
672
626
7
777
799
128
434
636
387
873
787
707
740
81
646
441
924
458
407
771
842
461
588
392
973
845
413
728
612
269
734
448
789
882
782
82
412
421
303
527
374
690
791
381
486
341
754
531
662
161
701
353
18
119
800
727
573
521
779
383
511
731
343
161
324
497
722
501
5
508
527
700
145
27
902
608
365
679
239
801
153
809
796
27
999
291
261
777
818
911
660
254
681
237
40
34
81
63
108
341
844
671
165
263
195
757
849
258
730
796
367
484
701
893
697
542
524
908
423
873
662
687
94
638
23
394
17
678
811
145
295
981
854
796
777
693
211
883
173
137
960
290
189
671
689
845
111
752
63
205
22
203
172
173
196
29
594
647
835
856
461
622
918
376
743
688
864
885
577
717
446
490
233
230
836
475
527
420
364
153
799
813
125
550
983
774
657
720
513
475
677
882
421
616
299
208
416
518
423
807
396
231
53
230
279
599
630
583
762
553
449
762
378
391
995
936
881
286
351
42
411
774
883
537
369
869
787
140
411
36
821
608
389
430
382
280
56
505
740
505
248
434
122
778
904
201
259
225
787
117
328
524
699
767
271
944
84
782
124
1
969
46
79
704
122
925
854
432
254
248
230
229
520
349
952
686
319
266
379
33
886
831
983
262
241
167
861
963
876
571
847
278
699
711
314
458
283
849
785
309
431
89
487
562
35
995
985
293
663
656
482
529
151
595
163
160
271
860
718
447
449
359
317
457
364
730
156
594
303
179
37
827
693
89
539
101
674
372
523
472
683
614
225
873
925
280
787
302
632
324
975
804
220
788
90
279
864
921
125
930
148
780
124
15
288
81
430
465
586
649
520
561
808
764
979
500
527
176
200
565
475
502
765
679
464
857
659
225
379
658
378
954
372
426
339
692
341
532
923
910
658
697
303
609
696
747
83
436
9
534
872
29
876
437
648
227
244
326
241
724
227
536
758
493
710
183
71
795
764
640
304
640
743
94
946
612
895
398
632
833
880
694
10
743
901
441
920
590
988
638
162
838
611
527
154
973
937
300
500
158
187
10
24
6
791
624
586
589
665
588
363
202
204
124
70
53
46
754
819
327
122
997
654
329
2
422
205
737
831
960
11
570
373
430
395
555
15
17
556
730
188
643
834
200
232
917
26
585
719
855
567
27
507
768
524
314
657
892
951
229
187
227
612
814
217
453
239
576
176
481
389
901
464
238
686
633
662
806
655
822
43
164
257
136
1000
968
642
662
319
30
949
417
838
925
948
491
38
466
802
520
603
311
298
7
739
51
621
980
340
983
600
613
775
781
754
568
415
585
896
906
630
24
531
752
124
454
205
653
243
881
664
728
928
182
409
137
475
771
482
241
400
675
942
452
584
119
105
334
863
23
212
387
710
976
525
679
406
814
629
808
494
761
767
357
703
245
959
935
253
172
144
268
127
633
93
837
106
521
791
697
762
223
977
357
622
876
501
727
11
251
538
463
398
914
365
850
95
80
729
72
556
753
116
56
780
668
730
19
189
395
560
569
671
948
663
735
887
404
714
930
925
571
758
535
273
999
999
640
543
127
332
314
159
810
321
102
91
356
207
900
158
886
627
617
393
269
800
899
597
133
465
759
782
526
712
757
548
290
368
234
804
709
219
884
891
788
744
613
287
248
759
88
590
400
313
775
678
246
134
276
45
664
659
97
28
598
590
858
151
407
788
866
427
919
670
177
29
104
357
318
114
562
683
661
428
327
609
497
377
874
746
357
94
188
227
82
436
281
891
871
837
981
895
370
113
728
663
454
373
580
686
132
776
896
2
517
516
181
11
271
707
482
280
95
210
632
910
775
21
232
512
540
381
519
569
650
670
357
733
512
739
422
87
684
607
351
50
400
369
377
796
180
706
389
976
233
675
275
18
416
567
198
42
161
769
872
468
35
816
829
228
636
239
563
536
768
714
487
497
691
820
344
242
843
551
22
271
399
839
188
142
593
783
557
786
841
979
917
960
142
907
22
763
711
250
216
442
965
430
23
293
551
35
469
549
944
775
684
947
649
30
397
921
63
619
694
348
240
70
909
323
585
951
411
665
798
171
86
475
531
214
467
239
158
942
264
188
398
465
408
526
733
475
943
475
743
934
172
826
392
906
389
13
316
220
321
537
199
646
31
593
320
287
181
180
489
557
114
962
33
715
431
908
177
356
628
864
689
731
455
908
613
799
856
469
418
833
470
268
841
633
984
533
663
177
198
641
404
202
421
780
68
402
195
766
394
541
609
399
647
352
718
352
528
792
911
55
841
413
826
588
926
277
352
218
360
836
910
431
214
238
325
38
457
333
154
19
41
373
40
287
236
801
912
814
208
235
386
315
89
65
6
223
857
302
362
291
437
216
262
29
961
252
780
780
318
108
414
988
264
473
407
886
462
599
118
121
871
898
580
494
971
126
40
212
1000
850
522
330
508
401
298
222
241
292
675
230
219
489
337
735
265
710
747
982
866
413
657
72
616
809
586
881
94
731
261
644
473
347
64
797
869
865
463
746
125
601
289
126
204
549
390
183
964
36
837
376
346
510
287
128
762
866
127
314
275
905
452
943
391
811
944
537
96
201
615
277
638
777
562
682
196
474
365
401
142
254
599
177
581
101
462
806
993
264
452
719
110
68
354
910
249
432
444
698
579
102
189
673
919
529
458
231
658
605
814
192
654
246
117
499
375
789
978
633
887
137
822
208
789
154
456
10
947
107
613
582
367
733
3
676
624
286
121
701
292
91
44
962
481
319
491
992
568
544
311
606
877
437
23
124
88
919
841
903
598
141
533
229
519
766
813
583
385
438
190
919
794
558
738
911
675
141
127
989
435
460
852
625
705
926
554
94
743
740
283
178
646
187
467
361
832
960
843
294
274
479
717
621
690
610
941
764
680
7
685
730
233
326
854
231
192
282
580
611
542
633
986
896
156
55
502
639
302
901
903
57
83
416
421
300
225
775
315
951
516
144
876
435
373
751
56
242
876
269
745
277
764
464
675
728
996
135
323
880
229
472
50
592
932
372
181
844
610
590
471
825
118
827
29
951
439
844
660
237
93
829
708
819
30
26
700
488
954
853
852
894
148
682
612
654
985
850
545
344
817
881
964
467
341
117
311
322
267
771
754
818
605
201
777
480
215
238
171
570
986
378
738
600
916
322
100
168
859
501
415
837
575
494
732
365
144
625
81
281
464
194
315
459
936
401
727
890
630
764
403
411
655
596
681
784
935
538
825
388
926
469
465
834
749
985
861
866
304
460
524
197
479
307
488
234
970
470
40
233
600
436
26
992
772
467
802
449
994
773
564
233
799
955
936
184
486
279
355
362
385
127
270
662
629
611
687
484
202
703
751
615
481
592
262
237
465
873
166
790
191
286
704
47
529
501
362
32
546
908
291
257
46
683
443
601
493
915
209
905
844
18
772
635
567
219
786
595
340
623
599
184
959
525
144
874
109
826
158
314
882
576
821
262
402
310
440
92
392
173
133
840
64
522
738
5
128
625
328
818
191
722
127
247
682
892
904
572
171
73
216
736
805
980
505
982
677
581
868
215
63
380
478
156
96
898
859
361
464
799
162
37
172
838
914
814
191
321
982
793
999
629
341
948
873
736
562
248
256
963
317
250
829
634
37
964
671
977
285
763
244
42
893
363
982
436
908
462
575
65
784
876
459
665
986
108
509
729
143
927
251
781
475
811
433
763
339
864
57
243
517
583
206
497
622
339
413
504
147
512
364
484
559
51
844
881
234
931
630
633
463
493
461
918
995
81
730
646
90
174
741
425
248
469
437
272
127
372
630
281
619
420
681
538
817
336
259
764
702
88
543
795
244
466
692
579
916
905
558
28
780
939
499
610
472
420
241
232
10
963
133
196
490
505
63
744
275
794
949
727
796
160
350
555
491
980
295
366
93
432
490
490
747
347
313
727
995
263
789
326
526
647
339
96
952
346
808
820
816
988
527
679
295
647
483
864
582
299
471
683
252
500
676
504
546
29
326
723
241
534
271
537
401
428
818
726
547
925
762
808
477
279
193
471
472
680
452
497
260
871
137
213
632
905
204
442
935
303
112
106
781
711
697
404
273
32
76
53
908
677
965
420
401
336
18
452
486
722
320
882
915
77
804
221
777
726
991
298
109
475
92
95
622
730
698
514
734
749
43
150
911
669
238
48
761
812
865
587
871
922
855
93
323
372
907
701
721
661
86
300
526
588
387
395
940
937
678
894
249
888
144
744
85
509
430
925
754
137
17
20
715
35
367
781
613
252
489
820
826
190
429
24
744
978
927
260
449
786
654
680
574
898
813
286
57
685
498
922
327
260
800
288
176
712
40
141
218
512
259
413
126
280
954
709
494
429
428
61
561
516
742
156
732
688
227
772
770
660
215
572
500
985
382
866
684
128
365
413
629
798
870
214
117
72
597
919
824
840
678
319
961
616
863
517
503
839
758
329
151
873
445
633
440
680
259
332
372
526
350
303
738
429
585
138
261
464
934
981
912
440
34
719
970
228
801
18
1
379
246
731
602
390
19
434
673
290
612
822
125
612
359
51
971
990
126
180
951
14
682
790
225
222
62
631
455
590
522
525
755
73
558
747
620
762
885
279
93
701
931
245
740
392
380
580
629
671
742
167
425
672
883
612
917
586
102
114
51
333
915
650
327
363
103
48
716
520
59
849
757
127
927
496
867
132
368
844
215
151
840
554
122
846
589
654
283
554
267
776
669
664
406
584
677
743
370
18
843
694
821
684
324
469
425
170
883
557
867
342
190
158
762
841
903
175
983
807
202
956
552
859
600
641
602
220
546
947
285
894
873
442
694
460
873
487
940
289
712
640
448
469
444
732
643
955
731
923
155
885
286
552
441
303
644
687
646
337
217
29
434
368
66
278
592
179
230
377
748
205
16
461
198
303
321
978
214
516
990
618
147
166
372
66
80
81
7
19
896
953
5
171
59
305
234
128
601
180
164
721
908
358
359
320
214
381
679
229
62
893
229
735
472
220
523
560
673
240
728
777
239
726
153
556
287
434
83
309
545
459
333
100
409
608
222
497
566
964
866
292
142
201
103
901
931
395
63
71
512
995
135
724
565
42
643
91
173
80
969
600
692
215
800
760
228
222
145
206
352
105
396
216
205
878
926
134
745
788
363
512
525
711
132
29
84
392
159
585
715
816
207
869
436
743
49
721
291
533
386
492
393
540
307
123
654
245
62
494
404
748
674
845
20
461
847
215
240
763
361
140
993
231
218
474
189
19
266
338
301
222
111
158
192
362
823
289
764
106
980
865
112
412
174
160
853
33
79
230
399
21
985
703
841
569
661
820
768
60
404
121
430
841
792
859
658
933
191
26
210
749
631
762
24
515
245
694
163
666
717
272
552
273
599
200
240
342
232
148
858
663
109
346
596
639
793
798
410
135
590
741
132
330
39
463
841
645
448
456
564
947
604
566
736
540
331
988
948
433
431
504
882
979
703
811
244
177
478
996
277
64
653
242
994
571
233
517
617
594
853
457
148
552
243
361
233
778
529
555
882
146
611
380
931
875
25
899
15
898
106
522
680
762
760
44
354
778
171
117
618
414
512
961
211
89
258
291
473
801
770
7
81
540
985
584
913
974
904
587
628
83
697
327
402
152
551
428
148
355
649
229
312
998
572
295
238
50
946
33
450
659
544
195
539
52
35
402
792
102
469
646
734
352
893
691
635
801
55
782
195
220
967
931
598
545
284
155
352
549
148
68
647
987
403
885
19
50
504
471
421
829
647
500
102
845
94
512
997
580
304
958
949
498
682
141
604
482
766
958
914
757
400
885
872
748
406
322
570
871
8
900
598
781
709
107
233
693
750
431
91
299
395
500
357
774
424
651
652
31
851
323
917
24
497
607
472
720
402
494
827
597
545
782
304
134
338
85
388
210
759
316
571
625
561
621
686
654
961
302
473
512
112
697
993
57
567
997
234
855
856
693
668
903
773
975
995
826
619
347
95
333
2
778
827
105
512
721
64
241
722
197
984
826
895
364
817
323
850
941
173
437
816
698
670
115
201
377
887
737
192
89
171
830
885
831
730
320
881
14
381
115
56
358
651
222
662
977
483
314
312
647
56
2
268
216
334
870
494
886
643
626
500
498
88
404
357
317
168
871
570
245
393
154
392
392
521
878
56
52
46
116
801
321
458
276
154
240
650
288
588
110
532
976
715
274
743
622
238
446
771
596
925
64
650
417
15
105
692
269
671
973
942
36
755
906
651
107
718
311
371
39
267
982
134
991
828
145
64
998
168
85
480
849
125
22
226
407
424
212
216
178
102
701
650
232
141
39
599
155
280
873
505
530
483
288
756
556
58
545
185
980
535
374
722
455
161
632
581
627
839
524
337
386
682
77
738
566
130
990
748
259
761
695
647
521
188
876
904
819
1
494
742
425
812
951
659
133
852
328
267
316
761
307
210
294
88
161
886
706
322
609
240
958
563
66
311
390
180
256
669
729
975
775
12
906
892
95
8
789
813
281
253
440
904
741
989
797
552
417
28
207
468
13
778
916
27
755
693
815
397
78
690
876
370
692
717
532
355
846
437
122
920
645
687
831
590
469
291
445
60
785
959
299
512
531
314
813
868
300
582
827
737
777
633
702
75
861
322
787
478
935
923
360
134
265
734
580
471
459
106
417
713
76
694
472
556
65
891
373
413
6
461
665
821
501
649
726
635
323
3
418
7
411
11
545
436
699
208
190
559
757
550
206
993
674
884
346
183
287
953
803
60
425
979
606
476
7
49
629
184
28
193
755
437
976
519
718
230
609
314
293
589
779
759
690
74
116
616
245
950
221
313
950
407
683
96
560
688
478
856
996
122
181
64
720
90
608
514
419
840
196
538
797
982
60
265
500
453
272
407
391
260
64
133
344
277
174
225
60
569
30
231
449
876
534
443
696
524
807
192
147
8
144
702
326
222
856
189
9
561
375
585
816
330
537
777
133
19
953
151
407
770
770
716
330
138
22
407
437
488
843
163
307
948
967
68
730
332
21
643
481
366
305
43
580
385
355
903
696
596
439
927
772
995
452
74
151
328
645
14
901
799
542
683
17
468
581
608
123
85
428
764
236
438
160
92
281
959
797
929
350
347
566
745
421
219
499
558
463
859
220
286
751
528
45
599
805
735
499
540
22
824
797
83
547
379
697
190
386
594
476
953
243
218
823
923
744
395
65
977
176
118
59
533
950
878
926
297
94
807
97
436
13
528
470
368
645
679
61
356
804
66
427
328
947
122
243
739
272
182
838
374
124
580
58
89
998
880
771
309
747
2
561
800
590
832
878
116
841
695
705
29
448
850
93
957
20
105
501
885
860
829
741
80
18
223
69
760
781
109
17
114
992
193
645
52
84
500
266
611
866
272
899
264
793
303
325
595
876
14
495
35
362
944
222
996
429
761
247
264
533
513
994
660
428
124
395
304
221
18
194
59
551
580
114
580
138
818
862
172
312
754
952
990
586
950
942
275
986
429
565
476
31
746
978
882
666
881
674
972
780
146
442
255
863
779
462
884
19
806
967
52
367
85
933
286
539
413
894
44
793
455
516
396
199
945
159
433
526
890
552
577
702
732
627
525
134
322
686
740
917
464
743
596
711
507
826
826
621
151
523
745
109
303
690
271
971
887
128
303
939
14
982
309
30
543
401
742
739
591
164
837
178
446
772
404
491
921
769
747
660
405
195
741
807
613
554
721
69
618
891
448
943
585
751
719
898
687
828
999
349
411
381
284
379
815
182
887
612
104
42
172
351
833
954
756
887
194
25
203
798
771
351
926
284
961
670
201
149
390
60
534
119
940
897
955
356
738
216
285
346
82
254
110
680
463
103
878
729
113
475
571
309
381
52
200
926
487
146
851
154
966
656
198
843
455
854
249
564
537
901
258
501
704
728
122
544
399
886
11
157
375
846
829
706
156
241
643
952
449
708
188
337
63
368
915
610
133
749
352
478
579
16
756
781
497
214
501
754
425
332
792
829
982
484
749
756
135
646
458
444
710
949
896
654
368
346
182
757
438
408
215
164
759
75
299
910
405
527
177
482
323
975
246
233
532
786
789
112
302
795
395
379
653
456
237
464
226
913
139
734
988
400
433
899
84
330
15
203
359
877
389
737
443
792
53
960
916
244
575
147
482
779
183
629
977
283
223
959
294
547
891
581
777
837
532
75
228
993
819
257
910
995
671
210
812
151
889
345
789
432
837
30
729
21
779
594
745
357
909
723
114
284
855
116
621
672
545
708
71
788
850
107
887
871
797
283
620
519
711
745
310
1
609
537
599
594
376
325
714
988
963
462
130
367
655
965
83
842
319
96
598
643
553
776
515
848
153
129
512
862
351
88
83
691
185
32
262
637
920
421
98
736
63
878
831
405
248
693
82
335
860
328
883
789
532
287
802
492
747
141
375
75
932
239
24
578
260
766
752
594
667
405
174
783
681
131
708
881
538
499
87
923
964
608
466
336
128
381
146
356
711
664
93
854
49
304
680
972
213
798
988
506
593
65
672
148
592
465
948
168
551
834
517
106
536
845
591
326
525
106
913
532
747
319
242
612
522
997
411
803
849
204
891
436
256
876
853
408
298
60
910
364
968
835
42
736
366
122
326
320
334
291
835
116
190
765
167
323
282
789
592
420
790
177
170
67
839
258
466
375
621
451
761
965
206
974
709
624
377
895
380
742
453
917
129
28
199
326
257
302
676
471
998
302
275
144
788
463
407
584
287
524
2
160
363
438
28
930
786
153
79
443
470
580
724
219
372
861
4
588
160
613
515
463
935
427
439
332
662
901
802
425
57
41
105
405
177
820
297
287
922
823
312
250
118
188
341
447
238
600
8
265
231
643
845
818
123
400
445
559
150
49
815
238
548
452
405
38
509
80
173
515
553
319
472
629
279
43
17
925
846
747
53
847
725
137
780
839
716
957
564
852
150
522
87
547
406
896
393
786
591
441
138
315
739
869
113
180
453
685
341
113
366
909
40
584
743
965
458
384
274
332
684
378
204
986
963
561
935
277
133
40
759
915
323
463
493
544
79
6
558
591
433
526
875
4
553
207
958
742
46
398
617
952
855
207
128
365
675
850
261
497
444
981
781
987
909
732
158
848
740
343
638
833
535
524
746
880
296
346
946
809
751
973
969
245
239
762
428
226
559
51
494
717
119
91
664
534
431
777
52
706
713
837
270
504
51
74
999
843
776
357
718
77
742
320
646
568
745
990
637
54
437
29
746
699
23
373
919
639
90
894
614
97
290
986
281
369
192
540
176
515
595
357
399
637
190
543
333
410
941
875
697
109
247
315
329
404
767
906
167
651
997
11
154
254
23
991
875
859
310
863
995
641
729
206
356
941
444
487
517
346
658
725
764
751
277
557
557
610
171
757
999
209
376
977
109
75
645
527
636
99
430
311
76
65
890
355
863
632
486
798
427
866
521
409
359
46
742
937
315
534
834
646
983
960
341
417
598
529
97
698
386
233
845
334
754
448
781
35
913
770
610
259
508
74
242
900
57
378
651
47
589
198
762
799
614
15
245
866
698
343
101
927
842
80
568
953
285
865
104
435
548
58
937
463
581
925
870
701
808
215
21
796
84
436
908
733
487
407
705
748
566
700
263
533
961
57
152
672
269
62
572
897
82
326
682
406
129
542
838
284
469
981
958
463
899
597
249
355
926
457
902
204
502
385
752
980
168
505
151
976
600
7
244
835
115
784
858
159
271
762
903
935
999
151
633
16
679
42
49
704
848
611
518
435
43
252
535
665
505
690
375
919
207
49
39
607
297
469
600
563
244
115
32
382
398
16
76
957
275
803
979
812
253
196
972
876
398
761
940
832
456
78
885
390
646
23
947
798
720
432
420
793
634
485
563
995
41
683
4
416
260
3
402
518
890
939
246
305
529
248
87
495
888
462
930
250
759
386
798
65
648
839
75
563
561
388
626
829
407
612
138
887
554
990
121
339
564
232
608
392
576
932
600
302
410
960
732
864
919
975
601
771
917
325
898
747
365
598
16
716
437
288
62
100
418
427
179
664
612
203
643
93
584
762
82
526
154
467
975
175
411
276
90
715
688
319
658
693
483
923
811
217
826
474
882
191
379
88
71
95
85
740
580
101
751
874
138
562
955
821
660
265
738
267
71
653
883
656
127
641
363
215
821
744
546
465
91
818
36
610
356
845
640
759
531
734
229
81
244
95
80
331
644
537
75
27
651
754
997
558
810
697
452
547
141
792
339
298
201
19
809
436
922
82
881
74
883
858
628
337
350
646
101
918
295
414
498
224
172
230
848
940
495
74
597
654
996
760
21
962
64
739
147
983
480
590
247
373
981
107
349
564
551
934
609
917
634
494
765
125
419
738
372
917
278
447
695
972
539
928
929
481
133
472
961
225
625
10
140
678
188
69
625
741
743
705
388
230
311
202
724
676
48
556
323
344
910
905
752
350
565
419
92
300
267
653
143
964
613
176
610
690
593
514
588
608
474
880
79
608
670
87
419
915
949
649
710
71
769
295
965
69
673
283
70
458
646
43
374
370
924
751
88
280
226
567
927
799
283
389
322
153
649
987
755
508
744
266
885
332
150
614
757
986
684
946
346
562
346
339
344
948
881
634
345
261
544
104
327
545
325
424
313
349
110
986
717
32
482
599
768
969
29
965
605
648
804
789
214
104
174
672
262
536
527
755
182
933
28
345
440
73
442
784
462
987
452
699
75
934
524
27
714
576
587
139
974
657
550
17
328
14
880
146
619
503
844
706
358
922
387
946
186
507
176
58
500
589
339
196
643
248
623
630
928
960
166
834
831
848
210
360
164
377
179
473
991
989
419
115
676
884
127
315
362
315
843
195
187
115
358
564
124
394
568
809
369
914
20
742
466
632
581
152
953
176
522
258
212
15
153
775
751
918
89
768
442
703
250
326
836
336
479
245
473
86
664
336
334
479
516
390
715
447
554
15
80
6
744
58
33
367
671
764
656
875
530
530
81
703
173
797
113
801
267
66
224
883
843
148
821
61
936
282
565
918
887
612
593
677
618
37
665
414
680
167
839
408
215
16
596
971
200
622
238
783
965
885
564
728
148
703
813
832
416
673
567
503
382
310
838
147
982
645
150
472
955
590
719
578
966
699
697
486
328
980
154
353
361
374
718
605
182
554
791
649
137
241
740
990
880
427
865
292
174
266
777
312
744
358
271
431
952
826
650
927
812
676
156
339
18
94
820
363
489
854
564
91
738
868
454
688
322
85
158
142
837
980
790
253
786
205
584
594
330
244
58
287
785
693
201
740
297
959
657
722
767
536
554
778
755
688
39
783
340
21
829
74
359
807
138
972
3
319
965
123
107
131
819
37
230
19
176
48
692
386
497
968
123
346
293
279
268
341
202
849
307
988
49
710
843
643
17
841
606
996
156
384
833
969
543
45
294
50
814
203
911
385
963
474
411
50
542
779
133
523
227
80
824
782
996
367
135
843
592
667
529
703
588
653
544
586
936
435
35
367
280
842
773
828
940
865
455
952
894
421
137
124
554
784
715
467
499
584
958
184
526
381
273
925
264
679
363
861
963
547
116
611
633
786
268
511
265
740
55
172
540
638
797
771
72
951
791
292
46
566
341
597
398
515
131
860
159
690
842
846
533
309
920
4
466
631
311
616
111
790
3
865
708
489
752
163
219
340
674
451
478
594
93
425
326
92
476
214
816
697
190
848
880
435
215
23
388
771
620
207
110
511
49
959
717
51
939
924
355
479
962
83
874
712
141
757
1
871
827
44
629
34
210
197
964
287
8
819
568
846
968
47
521
637
278
402
147
348
898
443
154
188
227
476
513
659
149
353
140
486
491
616
42
13
425
60
790
131
618
306
552
128
992
145
424
521
366
417
59
460
647
311
372
740
758
307
106
715
230
482
591
479
561
551
559
802
998
215
421
714
975
852
486
537
460
28
286
470
824
352
934
12
745
726
608
504
131
157
396
333
472
833
602
952
228
697
743
735
34
672
658
754
416
975
803
352
563
883
80
371
103
145
845
174
740
1
76
784
464
857
796
828
861
643
896
916
841
518
220
794
909
109
949
528
874
61
725
121
4
796
783
508
81
648
570
795
619
375
881
208
876
623
319
442
490
34
78
362
485
490
307
429
925
70
925
341
858
826
101
636
601
233
615
405
14
235
416
901
864
471
59
714
158
772
256
352
407
738
544
511
240
62
303
216
721
192
881
423
290
543
879
221
111
450
771
648
297
295
501
618
702
445
335
101
340
977
966
556
958
800
739
529
573
445
721
825
286
213
734
180
507
953
185
470
445
768
96
662
328
178
741
122
163
996
32
533
361
928
385
478
268
308
220
419
770
407
957
649
98
396
158
853
197
513
912
173
899
776
802
589
500
673
78
240
556
887
375
523
742
251
428
996
236
667
922
218
772
808
582
755
698
479
601
682
476
515
863
471
497
515
734
364
83
411
854
992
921
900
737
429
77
814
515
277
235
500
231
157
455
364
501
479
7
404
78
491
684
191
176
213
192
196
160
249
471
951
194
557
237
878
310
759
359
526
487
367
576
342
867
139
677
456
4
80
811
499
54
78
746
922
499
186
671
476
628
213
855
961
92
414
131
996
396
193
750
414
765
646
401
423
752
871
595
257
902
407
757
218
250
402
335
146
378
562
433
1000
371
433
622
720
544
466
924
354
934
272
238
410
952
504
487
218
284
212
702
209
141
149
43
780
145
129
583
52
309
963
745
951
981
810
801
586
668
429
389
426
34
825
327
400
13
413
302
8
336
21
12
261
528
58
942
625
117
577
780
54
751
220
581
15
770
982
683
690
736
938
301
421
314
883
430
255
758
343
727
270
440
365
923
592
90
751
942
881
489
536
255
149
595
529
679
39
635
256
612
228
609
727
720
69
454
21
617
155
900
765
747
350
803
791
568
617
230
671
414
986
331
120
830
588
50
90
585
402
78
135
250
639
120
638
588
99
847
823
611
292
218
353
275
992
331
384
311
291
338
297
777
923
750
516
735
118
645
570
465
89
661
580
290
924
606
25
249
83
187
72
75
640
61
89
308
458
293
790
282
649
453
78
137
634
756
240
147
517
180
948
661
328
991
65
802
753
770
781
269
307
505
305
775
654
418
46
216
139
813
900
892
557
38
802
640
469
590
956
427
341
445
156
68
51
438
215
116
631
953
321
472
238
700
342
502
193
129
901
146
420
211
935
876
194
142
128
323
350
626
668
391
498
602
588
833
309
384
841
116
934
885
346
488
707
938
41
872
710
304
48
395
179
778
790
621
685
433
602
374
220
28
861
169
134
514
607
976
62
963
616
215
354
345
266
10
802
808
313
710
959
778
319
236
15
70
801
299
277
970
586
53
206
49
181
534
904
926
637
567
781
365
881
264
679
208
96
334
592
906
16
237
777
361
255
406
937
493
44
570
116
938
616
562
534
846
137
690
570
298
836
933
43
552
309
651
162
675
48
709
601
454
745
505
166
350
596
110
422
73
960
389
689
886
635
213
86
527
851
24
285
712
616
120
195
273
26
932
961
351
98
649
73
424
822
448
884
804
179
911
975
128
35
712
450
111
506
919
583
162
504
565
696
880
824
168
682
139
608
505
525
777
873
127
797
962
889
645
808
909
937
433
231
559
854
99
398
253
766
814
637
258
372
719
520
496
61
656
844
903
918
993
814
581
918
259
289
398
906
315
670
29
800
916
843
624
99
280
258
87
691
957
490
905
270
57
245
1
659
40
892
722
973
470
182
673
420
566
305
433
967
106
983
566
427
691
689
319
462
634
36
310
207
140
909
399
806
920
315
836
291
214
305
880
940
881
991
266
990
716
179
440
151
819
599
354
403
241
984
73
205
894
345
337
683
486
32
670
963
853
486
87
873
915
160
702
824
471
356
362
427
101
825
939
227
859
517
930
420
269
463
43
75
510
771
437
359
338
949
341
639
121
871
702
811
84
660
751
836
519
942
546
176
838
106
370
482
365
212
430
633
935
72
51
567
996
558
351
194
178
944
681
766
961
66
122
483
529
667
411
957
374
859
546
912
90
882
177
287
765
190
968
845
728
392
211
778
964
451
935
430
788
119
932
327
701
985
158
805
297
642
357
904
244
531
291
237
791
794
913
38
572
540
430
469
421
42
898
949
834
97
777
765
957
921
507
999
100
166
423
234
542
938
378
104
978
904
992
74
614
616
729
262
812
493
196
907
4
162
666
97
465
585
546
633
118
610
500
274
755
75
760
97
92
491
82
460
374
457
861
127
519
281
292
912
838
584
749
439
86
394
822
742
926
178
720
510
136
51
874
208
766
977
730
177
801
347
110
180
911
553
194
775
525
761
777
946
14
559
614
294
39
703
357
952
911
137
317
189
534
185
92
763
748
695
39
544
350
68
968
333
74
677
909
647
565
436
484
564
573
712
670
435
203
720
720
816
905
959
398
401
906
685
21
876
451
908
185
566
307
486
239
679
209
34
737
365
987
418
911
777
424
685
103
803
628
171
411
809
754
197
114
528
443
541
937
977
297
740
556
663
827
694
252
803
906
99
264
803
724
986
86
530
154
146
911
64
146
841
545
205
492
591
550
291
773
954
918
240
84
561
284
767
929
814
847
426
938
39
973
150
194
744
893
392
987
26
583
48
308
100
434
234
57
632
450
794
293
208
987
26
786
208
978
146
312
624
573
601
766
497
297
883
209
232
811
661
327
864
687
453
307
669
577
793
625
335
389
216
374
636
570
142
569
704
354
358
368
986
779
881
167
827
777
579
303
585
344
626
353
767
910
587
954
498
567
746
862
695
463
35
433
327
225
199
219
192
721
621
695
371
178
606
524
404
246
961
985
459
420
899
946
712
29
5
612
959
484
335
255
271
462
937
971
679
628
442
6
778
559
922
162
116
829
367
26
442
884
239
78
952
52
718
987
214
253
484
613
913
57
298
16
544
858
27
221
834
802
631
600
113
808
779
566
357
42
869
364
548
179
478
176
959
639
643
908
196
435
689
6
566
704
857
356
674
823
92
533
640
409
897
129
765
774
1
483
638
881
44
690
186
194
645
948
689
142
708
260
262
930
565
31
684
830
97
193
536
70
512
890
50
31
865
84
672
375
597
482
651
175
555
161
341
524
761
9
680
12
127
654
757
886
389
83
87
12
456
944
728
841
376
432
258
874
797
906
777
972
607
886
33
132
699
41
362
523
436
97
578
26
829
225
653
632
837
901
64
752
149
839
514
473
198
842
176
147
826
779
735
143
502
49
993
117
459
270
547
376
714
432
318
258
782
903
125
106
778
251
504
577
869
906
910
674
441
390
239
801
856
355
710
396
952
817
86
626
240
617
103
591
963
988
387
402
287
449
698
527
526
48
469
588
257
71
776
759
170
984
837
193
247
730
775
732
562
345
455
611
494
474
861
290
394
106
115
675
640
30
949
8
590
572
508
238
787
655
47
274
22
275
888
59
677
875
97
865
189
458
993
772
602
338
867
81
78
598
354
200
435
607
84
461
764
341
637
84
135
272
494
936
365
145
902
46
161
819
670
511
682
132
31
793
953
377
132
185
931
461
842
492
39
367
121
211
130
822
758
940
63
966
289
305
436
27
728
333
262
263
855
858
815
698
755
368
851
370
76
727
182
151
653
148
174
840
101
213
481
85
420
8
805
556
313
340
364
903
695
36
719
644
343
394
75
839
217
230
223
85
967
99
880
881
251
734
477
231
99
757
375
851
764
8
600
287
214
513
633
576
397
576
956
130
211
595
929
341
105
925
15
949
627
147
176
807
808
463
505
661
629
652
918
776
914
404
737
767
152
741
462
821
990
114
997
530
472
682
104
21
88
987
761
555
423
143
622
177
90
794
830
171
323
217
350
768
529
432
452
349
587
876
946
638
75
293
544
695
12
334
91
242
942
983
412
194
120
701
932
306
213
617
811
305
588
28
657
869
573
649
894
770
560
450
744
154
144
973
384
981
195
194
495
988
78
120
335
107
318
828
128
925
303
954
443
709
154
838
695
630
924
426
828
650
943
78
922
957
14
614
866
895
261
371
532
564
290
152
653
155
154
289
660
645
262
870
83
860
758
855
463
997
758
104
615
628
12
44
630
987
117